layout_spectrum: 0.7234401
typography_spectrum: 0.2344137
color:
  lightness: 0.8153457
  brandStrength: 0.6784006
  saturation: 0.3620957
  rhythmicContrast: 0.153457
name: RichardBallard
